#INFOFILE1.1 (UTF-8) - Do not remove this line!
FileIdent = IPGRoad 14.0
FileCreator = CarMaker Office 14.0.1
LibVersion = 14.0.1
Country = DEU
nLinks = 1
nJunctions = 0
nObjects = 90
nRoutes = 1
RoadNetworkLength = 628.318530717959
BBox = -17 617 -123.496598011767 116.997963841348 -11 11
Route.0.Length = 628.318530717959
RST.Unit = kmh
RST = 50 100 130 30 70 30 0 -1
Movie = 0.2 1 0.01 1.5 1.5 1 1
Visualization.SamplingParams = 0.2 1 0.01
Visualization.RoadsideWidth = 1.5 1.5
Visualization.RoadsideSlope = 1 1
Visualization.MovieNX.RenderMask = 4095
PathMode = -1
Terrain.Param = 50 25 300 100 0.75 0
Link.0.ID = 0
Link.0.Node0 = 0 0 0 90
Link.0.Node1 = 400 -4.89842541528951e-14 0 90
Link.0.RST = Countryroad
Link.0.RL.ID = 1
Link.0.Seg.0.ID = 5
Link.0.Seg.0.Type = TurnRight
Link.0.Seg.0.Param = 100 180 0 0 0 0 0 0
Link.0.Seg.1.ID = 56
Link.0.Seg.1.Type = TurnLeft
Link.0.Seg.1.Param = 100 180 0 0 0 0 0 0
Link.0.LaneSection.0.ID = 6
Link.0.LaneSection.0.Start = 0
Link.0.LaneSection.0.LaneL.0.ID = 16
Link.0.LaneSection.0.LaneL.0 = 0 1 1 4 0 0 0
Link.0.LaneSection.0.LaneL.0.ARP = 17 18 19 20 21 22
Link.0.LaneSection.0.LaneL.1.ID = 24
Link.0.LaneSection.0.LaneL.1 = 0 2.5 2.5 5 0 0 0
Link.0.LaneSection.0.LaneR.0.ID = 25
Link.0.LaneSection.0.LaneR.0 = 0 10 10 0 0 0 0
Link.0.LaneSection.0.LaneR.0.ARP = 26 27 28 29 30 31
Link.0.LaneSection.0.LaneR.1.ID = 34
Link.0.LaneSection.0.LaneR.1 = 0 1 1 4 0 0 0
Link.0.LaneSection.0.LaneR.1.ARP = 35 36 37 38 39 40
Link.0.LaneSection.0.LaneR.2.ID = 42
Link.0.LaneSection.0.LaneR.2 = 0 2.5 2.5 5 0 0 0
LanePath.0 = 23 16 0.25 10 0.1 0.1 -1 -1
LanePath.1 = 32 25 2 10 0.1 0.1 -1 -1
LanePath.2 = 41 34 0.25 10 0.1 0.1 -1 -1
Route.0.ID = 7
Route.0.Name = Route_0
Route.0.DrvPath.ID = 8
Route.0.DrvPath:
	32
RL.1.RoadMarking.0.ID = 2 6
RL.1.RoadMarking.0 = 0 0 0 1 0 0 0.15 0 1 0 0 2 4 1 1 0
RL.1.RoadMarking.0.Material.0 = 1.0,1.0,1.0 0 0 0 0 0 0 1 1 0 0 0
RL.1.RoadMarking.1.ID = 3 25
RL.1.RoadMarking.1 = 0 0 0 1 0 -1 0.15 0 1 0 0 2 4 1 1 0
RL.1.RoadMarking.1.Material.0 = 1.0,1.0,1.0 0 0 0 0 0 0 1 1 0 0 0
MaxUsedObjId = 56
